1 8 0.000557 75 
1 16 0.009159 331 
1 32 0.118238 1350 
1 64 4.387259 5298 
1 128 86.514419 10000 
2 8 0.001411 75 
2 16 0.021339 331 
2 32 0.538082 1350 
2 64 18.679726 5298 
2 128 294.617032 10000 
4 8 0.001138 75 
4 16 0.016898 331 
4 32 0.306848 1350 
4 64 9.651464 5298 
4 128 149.721633 10000 
16 8 0.001805 75 
16 16 0.011609 331 
16 32 0.107949 1350 
16 64 2.456963 5298 
16 128 37.976609 10000 
24 8 0.002793 75 
24 16 0.042984 331 
24 32 0.106351 1350 
24 64 1.966150 5298 
24 128 28.781902 10000 
