1 8 0.000222 75 
1 16 0.010209 331 
1 32 0.317342 1350 
1 64 11.058024 5298 
1 128 188.883923 10000 
2 8 0.000614 75 
2 16 0.004386 331 
2 32 0.051873 1350 
2 64 1.565397 5298 
2 128 34.152341 10000 
4 8 0.000689 75 
4 16 0.002699 331 
4 32 0.030800 1350 
4 64 0.803585 5298 
4 128 18.241001 10000 
16 8 0.001456 75 
16 16 0.004800 331 
16 32 0.018664 1350 
16 64 0.279143 5298 
16 128 5.658857 10000 
24 8 0.992843 75 
24 16 0.012312 331 
24 32 1.286051 1350 
24 64 0.475949 5298 
24 128 6.195510 10000 
