1 8 0.000235 74 
1 16 0.004884 331 
1 32 0.171600 1346 
1 64 5.822391 5280 
1 128 113.353209 10000 
2 8 0.000579 74 
2 16 0.004520 331 
2 32 0.096615 1346 
2 64 2.949092 5280 
2 128 47.026993 10000 
4 8 0.000687 74 
4 16 0.003691 331 
4 32 0.052973 1346 
4 64 1.561141 5280 
4 128 24.256147 10000 
16 8 0.001377 74 
16 16 0.006109 331 
16 32 0.044398 1346 
16 64 0.495206 5280 
16 128 6.632232 10000 
24 8 0.007824 74 
24 16 0.008761 331 
24 32 0.073768 1346 
24 64 0.496737 5280 
24 128 5.816806 10000 
