1 8 0.000958 75 
1 16 0.038408 331 
1 32 1.075387 1350 
1 64 37.351223 5298 
1 128 591.063985 10000 
2 8 0.001265 75 
2 16 0.030586 331 
2 32 0.568061 1350 
2 64 18.694589 5298 
2 128 294.769965 10000 
4 8 0.000976 75 
4 16 0.016541 331 
4 32 0.321311 1350 
4 64 9.868169 5298 
4 128 149.723787 10000 
16 8 0.001795 75 
16 16 0.012239 331 
16 32 0.144242 1350 
16 64 2.536368 5298 
16 128 37.909055 10000 
24 8 0.046862 75 
24 16 0.010765 331 
24 32 0.112515 1350 
24 64 1.878901 5298 
24 128 28.780058 10000 
