1 8 0.001152 75 
1 16 0.028930 333 
1 32 0.954829 1358 
1 64 33.529233 5330 
1 128 531.268055 10000 
2 8 0.000957 75 
2 16 0.020071 333 
2 32 0.486782 1358 
2 64 16.727372 5330 
2 128 265.509057 10000 
4 8 0.001046 75 
4 16 0.013758 333 
4 32 0.259045 1358 
4 64 8.663203 5330 
4 128 135.292730 10000 
16 8 0.002156 75 
16 16 1.083262 333 
16 32 8.257477 1358 
16 64 2.650366 5330 
16 128 35.678412 10000 
24 8 0.002233 75 
24 16 1.885279 333 
24 32 0.177060 1358 
24 64 3.323031 5330 
24 128 26.732768 10000 
