1 8 0.000331 75 
1 16 0.006259 331 
1 32 0.091221 1350 
1 64 3.116168 5298 
1 128 79.848828 10000 
2 8 0.000390 75 
2 16 0.004202 331 
2 32 0.050593 1350 
2 64 1.553856 5298 
2 128 40.791052 10000 
4 8 0.000621 75 
4 16 0.004073 331 
4 32 0.043540 1350 
4 64 0.799862 5298 
4 128 21.011407 10000 
16 8 0.001636 75 
16 16 4.977936 331 
16 32 0.186746 1350 
16 64 2.281199 5298 
16 128 7.337731 10000 
24 8 1.073627 75 
24 16 4.989957 331 
24 32 6.453602 1350 
24 64 2.033380 5298 
24 128 156.481729 10000 
