1 8 0.000269 75 
1 16 0.007943 331 
1 32 0.106223 1350 
1 64 3.977458 5298 
1 128 90.430994 10000 
2 8 0.000319 75 
2 16 0.004361 331 
2 32 0.059621 1350 
2 64 1.982775 5298 
2 128 45.711011 10000 
4 8 0.001154 75 
4 16 0.002692 331 
4 32 0.039798 1350 
4 64 1.036028 5298 
4 128 23.342317 10000 
16 8 0.001676 75 
16 16 1.138137 331 
16 32 20.251441 1350 
16 64 0.455961 5298 
16 128 52.471421 10000 
24 8 1.170108 75 
24 16 2.301031 331 
24 32 20.301766 1350 
24 64 79.173284 5298 
24 128 6.187610 10000 
