1 8 0.000207 75 
1 16 0.003679 333 
1 32 0.099846 1358 
1 64 3.303301 5330 
1 128 64.475352 10000 
2 8 0.000608 75 
2 16 0.004140 333 
2 32 0.068391 1358 
2 64 2.268940 5330 
2 128 35.809923 10000 
4 8 0.000952 75 
4 16 0.009340 333 
4 32 0.280909 1358 
4 64 9.434641 5330 
4 128 148.279011 10000 
16 8 0.001736 75 
16 16 0.009423 333 
16 32 0.113449 1358 
16 64 2.491045 5330 
16 128 37.638514 10000 
24 8 0.003140 75 
24 16 0.012411 333 
24 32 0.120340 1358 
24 64 1.933380 5330 
24 128 28.670293 10000 
