1 8 0.000554 75 
1 16 0.009168 333 
1 32 0.167493 1358 
1 64 3.584766 5330 
1 128 71.088202 10000 
2 8 0.001345 75 
2 16 0.008080 333 
2 32 0.117484 1358 
2 64 2.257732 5330 
2 128 35.865388 10000 
4 8 0.001460 75 
4 16 0.006361 333 
4 32 0.077705 1358 
4 64 1.204545 5330 
4 128 17.597843 10000 
16 8 0.002695 75 
16 16 0.007356 333 
16 32 0.057690 1358 
16 64 0.572466 5330 
16 128 5.531458 10000 
24 8 0.003498 75 
24 16 0.057951 333 
24 32 0.068462 1358 
24 64 1.101161 5330 
24 128 6.750862 10000 
