1 8 0.000505 75 
1 16 0.008789 331 
1 32 0.170321 1350 
1 64 4.351580 5298 
1 128 93.626709 10000 
2 8 0.000993 75 
2 16 0.013556 331 
2 32 0.234126 1350 
2 64 6.222945 5298 
2 128 101.266133 10000 
4 8 0.000677 75 
4 16 0.005524 331 
4 32 0.055667 1350 
4 64 0.903012 5298 
4 128 15.390061 10000 
16 8 0.001556 75 
16 16 0.007939 331 
16 32 0.045218 1350 
16 64 0.367111 5298 
16 128 4.803963 10000 
24 8 0.011224 75 
24 16 0.083961 331 
24 32 0.055770 1350 
24 64 0.492820 5298 
24 128 3.716685 10000 
