1 8 0.000497 75 
1 16 0.009548 331 
1 32 0.159769 1350 
1 64 4.368290 5298 
1 128 88.932747 10000 
2 8 0.000742 75 
2 16 0.006735 331 
2 32 0.110310 1350 
2 64 2.282953 5298 
2 128 37.662206 10000 
4 8 0.000788 75 
4 16 0.004779 331 
4 32 0.064007 1350 
4 64 1.210457 5298 
4 128 19.637769 10000 
16 8 0.002178 75 
16 16 0.007920 331 
16 32 0.046452 1350 
16 64 0.403109 5298 
16 128 5.660681 10000 
24 8 0.102638 75 
24 16 0.015299 331 
24 32 0.043215 1350 
24 64 0.486933 5298 
24 128 4.754539 10000 
