1 8 0.000286 75 
1 16 0.006339 333 
1 32 0.151747 1358 
1 64 4.448399 5330 
1 128 80.391807 10000 
2 8 0.001576 75 
2 16 0.031133 333 
2 32 0.581614 1358 
2 64 18.746189 5330 
2 128 293.284556 10000 
4 8 0.001281 75 
4 16 0.017912 333 
4 32 0.367608 1358 
4 64 9.720907 5330 
4 128 149.062207 10000 
16 8 0.004307 75 
16 16 0.012174 333 
16 32 0.151791 1358 
16 64 2.491604 5330 
16 128 39.833793 10000 
24 8 0.004619 75 
24 16 0.038796 333 
24 32 0.190100 1358 
24 64 1.946628 5330 
24 128 28.670513 10000 
