1 8 0.000537 75 
1 16 0.009020 331 
1 32 0.121827 1350 
1 64 4.404401 5298 
1 128 86.410058 10000 
2 8 0.001011 75 
2 16 0.011295 331 
2 32 0.183289 1350 
2 64 6.238255 5298 
2 128 101.349222 10000 
4 8 0.000852 75 
4 16 0.005591 331 
4 32 0.042348 1350 
4 64 0.893694 5298 
4 128 15.724194 10000 
16 8 0.001433 75 
16 16 0.008033 331 
16 32 0.037096 1350 
16 64 0.402760 5298 
16 128 4.655720 10000 
24 8 0.054338 75 
24 16 0.015166 331 
24 32 0.045835 1350 
24 64 0.494412 5298 
24 128 4.099561 10000 
