1 8 0.000565 74 
1 16 0.009131 331 
1 32 0.165952 1346 
1 64 3.601889 5280 
1 128 68.529707 10000 
2 8 0.001228 74 
2 16 0.008123 331 
2 32 0.114422 1346 
2 64 1.947348 5280 
2 128 28.526505 10000 
4 8 0.001497 74 
4 16 0.006868 331 
4 32 0.076337 1346 
4 64 1.087586 5280 
4 128 15.818588 10000 
16 8 0.001748 74 
16 16 0.008699 331 
16 32 0.060069 1346 
16 64 0.417573 5280 
16 128 5.114286 10000 
24 8 0.846019 74 
24 16 0.231626 331 
24 32 1.133988 1346 
24 64 3.480061 5280 
24 128 4.754000 10000 
