1 8 0.000714 74 
1 16 0.032133 331 
1 32 1.371042 1346 
1 64 46.909129 5280 
1 128 114.635432 10000 
2 8 0.000562 74 
2 16 0.004535 331 
2 32 0.096360 1346 
2 64 2.952461 5280 
2 128 47.117429 10000 
4 8 0.000756 74 
4 16 0.003544 331 
4 32 0.054179 1346 
4 64 1.581860 5280 
4 128 24.081200 10000 
16 8 0.001363 74 
16 16 0.006610 331 
16 32 0.044646 1346 
16 64 0.536718 5280 
16 128 6.826473 10000 
24 8 0.002313 74 
24 16 0.009474 331 
24 32 0.060764 1346 
24 64 0.588310 5280 
24 128 6.148589 10000 
