1 8 0.000549 75 
1 16 0.007777 331 
1 32 0.120762 1350 
1 64 4.394860 5298 
1 128 85.612677 10000 
2 8 0.000708 75 
2 16 0.006676 331 
2 32 0.068388 1350 
2 64 2.206891 5298 
2 128 37.759568 10000 
4 8 0.000726 75 
4 16 0.005470 331 
4 32 0.049549 1350 
4 64 1.154366 5298 
4 128 19.422522 10000 
16 8 0.001545 75 
16 16 0.008043 331 
16 32 0.035243 1350 
16 64 0.418631 5298 
16 128 5.429416 10000 
24 8 0.001842 75 
24 16 0.044765 331 
24 32 0.038201 1350 
24 64 0.473341 5298 
24 128 4.455403 10000 
