1 8 0.000229 74 
1 16 0.004880 331 
1 32 0.171697 1346 
1 64 5.777501 5280 
1 128 114.195631 10000 
2 8 0.000572 74 
2 16 0.004503 331 
2 32 0.092567 1346 
2 64 2.933420 5280 
2 128 47.122467 10000 
4 8 0.000754 74 
4 16 0.003505 331 
4 32 0.053600 1346 
4 64 1.542242 5280 
4 128 24.138960 10000 
16 8 0.001552 74 
16 16 0.006344 331 
16 32 0.048778 1346 
16 64 0.547718 5280 
16 128 6.983147 10000 
24 8 0.003567 74 
24 16 0.008598 331 
24 32 0.067065 1346 
24 64 0.703396 5280 
24 128 5.829280 10000 
