1 8 0.001536 75 
1 16 0.030386 333 
1 32 1.074214 1358 
1 64 37.322622 5330 
1 128 589.307158 10000 
2 8 0.001631 75 
2 16 0.022494 333 
2 32 0.542191 1358 
2 64 18.697724 5330 
2 128 293.510344 10000 
4 8 0.001752 75 
4 16 0.017554 333 
4 32 0.294770 1358 
4 64 9.680805 5330 
4 128 149.051113 10000 
16 8 0.002956 75 
16 16 0.012199 333 
16 32 0.120215 1358 
16 64 2.514760 5330 
16 128 37.711790 10000 
24 8 0.004985 75 
24 16 0.012962 333 
24 32 0.120391 1358 
24 64 1.923052 5330 
24 128 28.623418 10000 
